bonebegin 0 
p 2 
0.0000000 0.0000000 0.0022000 0.0416667 
0.0000000 0.0000000 0.0022000 0.0833333 
 
r 2 
0.5000001 0.5000000 -0.5000000 0.5000001 0.0416667 
0.5000001 0.5000000 -0.5000000 0.5000001 0.0833333 
 
s 2 
1.0000000 1.0000000 1.0000000 0.0416667 
1.0000000 1.0000000 1.0000000 0.0833333 
 

boneend
bonebegin 1 
p 20 
-0.4242111 0.0089280 0.0081849 0.0000000 
-0.4222112 0.0082762 0.0071849 0.0416667 
-0.4165779 0.0063142 0.0043683 0.0833333 
-0.4093448 0.0034567 0.0007518 0.1250000 
-0.4037116 0.0005729 -0.0020648 0.1666667 
-0.4017116 -0.0016473 -0.0030648 0.2083333 
-0.4037116 -0.0035747 -0.0020648 0.2500000 
-0.4093448 -0.0056336 0.0007518 0.2916667 
-0.4165779 -0.0074319 0.0043683 0.3333333 
-0.4222112 -0.0085690 0.0071849 0.3750000 
-0.4242111 -0.0089280 0.0081849 0.4166667 
-0.4222112 -0.0082983 0.0071849 0.4583333 
-0.4165779 -0.0063890 0.0043683 0.5000000 
-0.4093448 -0.0035731 0.0007518 0.5416667 
-0.4037116 -0.0006712 -0.0020648 0.5833333 
-0.4017116 0.0016474 -0.0030648 0.6250000 
-0.4045464 0.0038407 -0.0016474 0.6666667 
-0.4119614 0.0062342 0.0020601 0.7083333 
-0.4193764 0.0079888 0.0057676 0.7500000 
-0.4222112 0.0085691 0.0071849 0.7916667 
 
r 6 
-0.0073441 0.0720899 0.1010853 0.9922353 0.0000000 
-0.0005421 0.0724459 -0.0217666 0.9971347 0.2916667 
0.0073443 0.0720899 -0.1010853 0.9922353 0.4166667 
0.0064775 0.0723881 -0.0450149 0.9963391 0.6250000 
-0.0048479 0.0722469 0.0770329 0.9943957 0.7500000 
-0.0063563 0.0721582 0.0914146 0.9931748 0.7916667 
 
s 2 
0.9999999 0.9999999 0.9999999 0.0000000 
0.9999999 0.9999999 0.9999999 0.7916667 
 

boneend
bonebegin 2 
p 2 
-0.0898835 0.0000000 0.0000000 0.0000000 
-0.0898835 0.0000000 0.0000000 0.7916667 
 
r 7 
-0.0031262 0.0317400 0.0174967 0.9993382 0.0000000 
0.0014199 0.0317419 -0.0139470 0.9993978 0.0833333 
0.0102697 0.0316536 -0.0751456 0.9966171 0.2083333 
0.0031261 0.0317400 -0.0174967 0.9993382 0.4166667 
-0.0102697 0.0316536 0.0751456 0.9966171 0.6250000 
-0.0046625 0.0317305 0.0298930 0.9990385 0.7500000 
-0.0037616 0.0317367 0.0226242 0.9992331 0.7916667 
 
s 2 
0.9999999 1.0000000 0.9999998 0.0000000 
0.9999999 1.0000000 0.9999998 0.7916667 
 

boneend
bonebegin 3 
p 2 
-0.0945733 0.0000000 0.0000000 0.0000000 
-0.0945733 0.0000000 0.0000000 0.7916667 
 
r 7 
-0.0666757 0.3087517 0.1039976 0.9430860 0.0000000 
-0.0540666 0.3099345 0.0785349 0.9459649 0.0833333 
-0.0079860 0.3117612 -0.0046182 0.9501157 0.2083333 
0.0666754 0.3087516 -0.1039978 0.9430861 0.4166667 
0.0079856 0.3117612 0.0046181 0.9501157 0.6250000 
-0.0553808 0.3095302 0.0900042 0.9449991 0.7500000 
-0.0622021 0.3090721 0.0985379 0.9438727 0.7916667 
 
s 2 
0.9999999 1.0000000 0.9999999 0.0000000 
0.9999999 1.0000000 0.9999999 0.7916667 
 

boneend
bonebegin 4 
p 2 
-0.1330379 0.0000000 0.0000000 0.0000000 
-0.1330379 0.0000000 0.0000000 0.7916667 
 
r 12 
0.1053392 0.0931288 0.0232882 0.9897921 0.0000000 
0.0863877 0.0744946 0.0288730 0.9930529 0.0416667 
0.0320995 0.0211579 0.0446483 0.9982628 0.0833333 
-0.0383151 -0.0479291 0.0646245 0.9960213 0.1250000 
-0.0924565 -0.1009780 0.0796113 0.9873790 0.1666667 
-0.1015806 -0.1191730 0.0816720 0.9842809 0.2916667 
-0.0459103 -0.1163570 0.0604964 0.9902997 0.5000000 
-0.0215609 -0.1135808 0.0502722 0.9920218 0.5833334 
0.0221012 -0.0826000 0.0391264 0.9955692 0.6666667 
0.0583586 -0.0154924 0.0320372 0.9976612 0.7083334 
0.0881338 0.0506866 0.0264517 0.9944665 0.7500000 
0.0984900 0.0756968 0.0245261 0.9919517 0.7916667 
 
s 2 
1.0000000 1.0000000 1.0000000 0.0000000 
1.0000000 1.0000000 1.0000000 0.7916667 
 

boneend
bonebegin 5 
p 2 
-0.0565958 0.0000000 -0.0000001 0.0000000 
-0.0565958 0.0000000 0.0000000 0.7916667 
 
r 12 
-0.0535333 -0.1970911 0.1414509 0.9686490 0.0000000 
-0.0537104 -0.2108708 0.1413000 0.9657552 0.0416667 
-0.0546227 -0.2987051 0.1333054 0.9434094 0.1250000 
-0.0550283 -0.3503548 0.1052211 0.9290597 0.2083333 
-0.0430138 -0.2809499 0.0242692 0.9584509 0.2916667 
-0.0311211 -0.2115442 -0.0327949 0.9763222 0.3333333 
-0.0184410 -0.1372087 -0.0879560 0.9864570 0.4166667 
-0.0515771 -0.1577206 -0.0045750 0.9861253 0.5000000 
-0.0828335 -0.1762720 0.0751440 0.9779674 0.5416667 
-0.1066019 -0.1900440 0.1364982 0.9663786 0.5833334 
-0.0869669 -0.1968023 0.1504869 0.9649141 0.7083334 
-0.0589985 -0.1970818 0.1429379 0.9681150 0.7916667 
 
s 2 
0.9999999 0.9999999 0.9999999 0.0000000 
0.9999999 0.9999999 0.9999999 0.7916667 
 

boneend
bonebegin 6 
p 19 
0.0077034 0.0002666 0.0257454 0.0000000 
0.0066982 0.0002429 0.0250979 0.0416667 
0.0038669 0.0001698 0.0232741 0.0833333 
0.0002317 0.0000968 0.0209323 0.1250000 
-0.0025996 0.0000237 0.0191085 0.1666667 
-0.0036048 0.0000000 0.0184610 0.2083333 
-0.0028675 0.0001778 0.0185949 0.2500000 
-0.0007908 0.0006787 0.0189721 0.2916667 
0.0018756 0.0013219 0.0194565 0.3333333 
0.0039522 0.0018227 0.0198337 0.3750000 
0.0046894 0.0020006 0.0199676 0.4166667 
0.0039522 0.0018227 0.0198337 0.4583333 
0.0018755 0.0013218 0.0194565 0.5000000 
-0.0007909 0.0006787 0.0189721 0.5416667 
-0.0028675 0.0001778 0.0185949 0.5833333 
-0.0036048 0.0000000 0.0184610 0.6250000 
-0.0021800 0.0000336 0.0193787 0.6666667 
0.0052735 0.0002093 0.0241801 0.7500000 
0.0066981 0.0002429 0.0250979 0.7916667 
 
r 7 
0.0000001 0.8517658 -0.0000002 0.5239227 0.0000000 
0.0000000 0.8517658 -0.0000001 0.5239227 0.2083333 
-0.0524863 0.8506762 0.0203371 0.5226678 0.3333333 
-0.0723371 0.8495584 0.0280288 0.5217590 0.4583333 
-0.0070573 0.8517765 0.0027344 0.5238507 0.5833334 
0.0000000 0.8517658 -0.0000001 0.5239227 0.7500000 
0.0000000 0.8517658 -0.0000001 0.5239227 0.7916667 
 
s 2 
1.0000000 0.9999999 0.9999999 0.0000000 
1.0000000 0.9999999 0.9999999 0.7916667 
 

boneend
bonebegin 7 
p 2 
-0.1149106 -0.0262059 0.0278775 0.0000000 
-0.1149106 -0.0262059 0.0278775 0.7916667 
 
r 5 
-0.2894163 -0.4210050 0.6502821 0.5622510 0.0000000 
-0.2990237 -0.4138460 0.6797429 0.5265604 0.2500000 
-0.2869492 -0.4226200 0.6428002 0.5708417 0.4583333 
-0.2799225 -0.4267802 0.6216540 0.5941787 0.6666667 
-0.2884759 -0.4216308 0.6474261 0.5655518 0.7916667 
 
s 2 
0.9999998 0.9999999 0.9999999 0.0000000 
0.9999998 0.9999999 0.9999999 0.7916667 
 

boneend
bonebegin 8 
p 2 
-0.0882834 0.0037518 -0.0132996 0.0000000 
-0.0882834 0.0037518 -0.0132996 0.7916667 
 
r 11 
-0.0321837 -0.0017663 0.2778915 0.9600716 0.0000000 
-0.0287573 0.0090702 0.2910306 0.9562384 0.0416667 
-0.0211823 0.0812916 0.3836729 0.9196402 0.1250000 
-0.0427977 0.1209068 0.4791817 0.8682942 0.2083333 
-0.0451651 0.0195698 0.5380746 0.8414588 0.2916667 
-0.0237316 -0.1080837 0.5564463 0.8234818 0.3750000 
-0.0283254 -0.1448988 0.5405667 0.8282449 0.4583333 
-0.0365080 -0.1393091 0.4817447 0.8643970 0.5416667 
-0.0556677 -0.0596186 0.3787309 0.9219055 0.6666667 
-0.0389958 -0.0117399 0.2984539 0.9535548 0.7500000 
-0.0350488 -0.0054401 0.2859206 0.9575967 0.7916667 
 
s 2 
0.9999998 0.9999999 1.0000000 0.0000000 
0.9999998 0.9999999 1.0000000 0.7916667 
 

boneend
bonebegin 9 
p 2 
-0.1355150 0.0000001 0.0000000 0.0000000 
-0.1355151 -0.0000001 0.0000000 0.7916667 
 
r 12 
-0.0163202 0.6820909 0.3893984 0.6187524 0.0000000 
-0.0168858 0.6669834 0.3807735 0.6402029 0.0416667 
-0.0206815 0.5386862 0.3075297 0.7841014 0.1250000 
-0.0225299 0.4511372 0.2575492 0.8541873 0.1666667 
-0.0237814 0.3750328 0.2141019 0.9016348 0.2500000 
-0.0236084 0.3867063 0.2207665 0.8950772 0.3333333 
-0.0233393 0.4040450 0.2306652 0.8848709 0.4166667 
-0.0226174 0.4463617 0.2548234 0.8575050 0.4583333 
-0.0211734 0.5175309 0.2954532 0.8027583 0.5000000 
-0.0178975 0.6377361 0.3640768 0.6785429 0.5833334 
-0.0163967 0.6801015 0.3882626 0.6216472 0.7083334 
-0.0163157 0.6822069 0.3894644 0.6185830 0.7916667 
 
s 2 
0.9999999 1.0000000 0.9999998 0.0000000 
0.9999999 1.0000000 0.9999998 0.7916667 
 

boneend
bonebegin 10 
p 2 
-0.1005399 0.0000000 0.0000000 0.0000000 
-0.1005399 0.0000000 0.0000000 0.7916667 
 
r 2 
0.9928215 0.0618081 0.0580899 0.0843260 0.0000000 
0.9928215 0.0618081 0.0580899 0.0843260 0.7916667 
 
s 2 
0.9999997 0.9999998 0.9999999 0.0000000 
0.9999997 0.9999998 0.9999999 0.7916667 
 

boneend
bonebegin 11 
p 2 
-0.0499720 0.0199834 -0.0003210 0.0000000 
-0.0499720 0.0199834 -0.0003210 0.7916667 
 
r 2 
0.9359112 -0.1524143 -0.0914002 0.3041153 0.0000000 
0.9359112 -0.1524143 -0.0914002 0.3041153 0.7916667 
 
s 2 
1.0000000 1.0000000 1.0000000 0.0000000 
1.0000000 1.0000000 1.0000000 0.7916667 
 

boneend
bonebegin 12 
p 2 
-0.0308336 0.0000000 0.0000000 0.0000000 
-0.0308336 0.0000000 0.0000000 0.7916667 
 
r 2 
-0.8216707 0.0444320 -0.0080413 0.5681711 0.0000000 
-0.8216707 0.0444320 -0.0080413 0.5681711 0.7916667 
 
s 2 
0.9999998 0.9999999 0.9999998 0.0000000 
0.9999998 0.9999999 0.9999998 0.7916667 
 

boneend
bonebegin 13 
p 2 
-0.0820619 0.0066298 -0.0106084 0.0000000 
-0.0820619 0.0066298 -0.0106084 0.7916667 
 
r 2 
0.1892462 0.0520460 0.0007932 0.9805491 0.0000000 
0.1892462 0.0520460 0.0007932 0.9805491 0.7916667 
 
s 2 
1.0000000 0.9999998 1.0000000 0.0000000 
1.0000000 0.9999998 1.0000000 0.7916667 
 

boneend
bonebegin 14 
p 2 
-0.0214094 0.0000000 0.0000000 0.0000000 
-0.0214094 0.0000000 0.0000001 0.7916667 
 
r 2 
0.1940500 0.1112466 -0.0946445 0.9700574 0.0000000 
0.1940500 0.1112466 -0.0946445 0.9700574 0.7916667 
 
s 2 
0.9999999 1.0000000 0.9999999 0.0000000 
0.9999999 1.0000000 0.9999999 0.7916667 
 

boneend
bonebegin 15 
p 2 
-0.0180916 0.0000000 0.0000000 0.0000000 
-0.0180916 0.0000000 0.0000000 0.7916667 
 
r 2 
0.1046270 0.0505881 -0.1020637 0.9879661 0.0000000 
0.1046270 0.0505881 -0.1020637 0.9879661 0.7916667 
 
s 2 
1.0000000 1.0000000 0.9999999 0.0000000 
1.0000000 1.0000000 0.9999999 0.7916667 
 

boneend
bonebegin 16 
p 2 
-0.0813595 -0.0024932 -0.0033225 0.0000000 
-0.0813595 -0.0024932 -0.0033225 0.7916667 
 
r 2 
0.1904048 0.1008877 0.0138441 0.9764097 0.0000000 
0.1904048 0.1008877 0.0138441 0.9764097 0.7916667 
 
s 2 
1.0000000 1.0000000 1.0000000 0.0000000 
1.0000000 1.0000000 1.0000000 0.7916667 
 

boneend
bonebegin 17 
p 2 
-0.0202564 0.0000000 0.0000000 0.0000000 
-0.0202564 0.0000000 0.0000000 0.7916667 
 
r 2 
0.1932480 0.0932342 -0.1672520 0.9622834 0.0000000 
0.1932480 0.0932342 -0.1672520 0.9622834 0.7916667 
 
s 2 
1.0000000 0.9999998 1.0000000 0.0000000 
1.0000000 0.9999998 1.0000000 0.7916667 
 

boneend
bonebegin 18 
p 2 
-0.0171099 0.0000000 0.0000000 0.0000000 
-0.0171099 0.0000000 0.0000000 0.7916667 
 
r 2 
0.0971287 0.0527149 -0.1083516 0.9879510 0.0000000 
0.0971287 0.0527149 -0.1083516 0.9879510 0.7916667 
 
s 2 
1.0000000 0.9999999 1.0000000 0.0000000 
1.0000000 0.9999999 1.0000000 0.7916667 
 

boneend
bonebegin 19 
p 2 
-0.0711803 -0.0113730 0.0025633 0.0000000 
-0.0711803 -0.0113730 0.0025633 0.7916667 
 
r 2 
0.1878968 0.0695210 -0.0205820 0.9795091 0.0000000 
0.1878968 0.0695210 -0.0205820 0.9795091 0.7916667 
 
s 2 
1.0000000 1.0000000 1.0000000 0.0000000 
1.0000000 1.0000000 1.0000000 0.7916667 
 

boneend
bonebegin 20 
p 2 
-0.0205709 0.0000000 0.0000000 0.0000000 
-0.0205709 0.0000000 0.0000000 0.7916667 
 
r 2 
0.1841668 0.1345778 -0.1474245 0.9624123 0.0000000 
0.1841668 0.1345778 -0.1474245 0.9624123 0.7916667 
 
s 2 
0.9999999 0.9999999 0.9999999 0.0000000 
0.9999999 0.9999999 0.9999999 0.7916667 
 

boneend
bonebegin 21 
p 2 
-0.0171099 0.0000000 0.0000000 0.0000000 
-0.0171099 0.0000000 0.0000000 0.7916667 
 
r 2 
0.0971289 0.0527149 -0.1083516 0.9879509 0.0000000 
0.0971289 0.0527149 -0.1083516 0.9879509 0.7916667 
 
s 2 
1.0000000 0.9999997 0.9999999 0.0000000 
1.0000000 0.9999997 0.9999999 0.7916667 
 

boneend
bonebegin 22 
p 2 
-0.0628175 -0.0180365 0.0129742 0.0000000 
-0.0628175 -0.0180365 0.0129742 0.7916667 
 
r 2 
0.1911426 0.0361494 0.0149303 0.9807827 0.0000000 
0.1911426 0.0361494 0.0149303 0.9807827 0.7916667 
 
s 2 
0.9999999 0.9999999 1.0000000 0.0000000 
0.9999999 0.9999999 1.0000000 0.7916667 
 

boneend
bonebegin 23 
p 2 
-0.0159719 0.0000000 0.0000000 0.0000000 
-0.0159719 0.0000000 0.0000000 0.7916667 
 
r 2 
0.1783040 0.0954590 -0.1665888 0.9650614 0.0000000 
0.1783040 0.0954590 -0.1665888 0.9650614 0.7916667 
 
s 2 
0.9999999 0.9999999 0.9999999 0.0000000 
0.9999999 0.9999999 0.9999999 0.7916667 
 

boneend
bonebegin 24 
p 2 
-0.0148414 0.0000000 0.0000000 0.0000000 
-0.0148414 0.0000000 0.0000000 0.7916667 
 
r 2 
0.0849443 0.0381068 -0.1545082 0.9835953 0.0000000 
0.0849443 0.0381068 -0.1545082 0.9835953 0.7916667 
 
s 2 
1.0000000 1.0000000 1.0000000 0.0000000 
1.0000000 1.0000000 1.0000000 0.7916667 
 

boneend
bonebegin 25 
p 2 
-0.1149105 0.0262060 0.0278775 0.0000000 
-0.1149105 0.0262060 0.0278775 0.7916667 
 
r 5 
0.2894163 -0.4210049 -0.6502823 0.5622509 0.0000000 
0.2791474 -0.4272015 -0.6193355 0.5966566 0.2500000 
0.2918433 -0.4193315 -0.6576741 0.5535823 0.4583333 
0.2983422 -0.4144035 -0.6776341 0.5292199 0.6666667 
0.2903510 -0.4203706 -0.6531251 0.5589387 0.7916667 
 
s 2 
0.9999998 0.9999999 1.0000000 0.0000000 
0.9999998 0.9999999 1.0000000 0.7916667 
 

boneend
bonebegin 26 
p 2 
-0.0882834 -0.0037518 -0.0132996 0.0000000 
-0.0882834 -0.0037518 -0.0132996 0.7916667 
 
r 11 
0.0249174 -0.1332304 -0.5531777 0.8219631 0.0000000 
0.0228308 -0.1415034 -0.5172128 0.8437692 0.0833333 
0.0542074 -0.0861196 -0.4145515 0.9043185 0.2083333 
0.0509741 -0.0297537 -0.3048457 0.9505712 0.3333333 
0.0223132 0.0201754 -0.2946137 0.9551429 0.4583333 
0.0178249 0.0916578 -0.3840193 0.9185914 0.5416667 
0.0427976 0.1209073 -0.4791816 0.8682942 0.6250000 
0.0506575 0.0761398 -0.5145571 0.8525653 0.6666667 
0.0446679 -0.0150473 -0.5408258 0.8398129 0.7083334 
0.0327448 -0.0906227 -0.5511186 0.8288448 0.7500000 
0.0280939 -0.1161804 -0.5528111 0.8246894 0.7916667 
 
s 2 
0.9999999 0.9999999 1.0000000 0.0000000 
0.9999999 0.9999999 1.0000000 0.7916667 
 

boneend
bonebegin 27 
p 2 
-0.1355151 0.0000001 0.0000000 0.0000000 
-0.1355151 -0.0000001 0.0000000 0.7916667 
 
r 12 
0.0233393 0.4040464 -0.2306656 0.8848701 0.0000000 
0.0228595 0.4327826 -0.2470708 0.8666791 0.0416667 
0.0214593 0.5045981 -0.2880696 0.8135946 0.0833333 
0.0195585 0.5824109 -0.3324920 0.7415282 0.1250000 
0.0179263 0.6368603 -0.3635764 0.6796322 0.1666667 
0.0165700 0.6755230 -0.3856489 0.6282269 0.2500000 
0.0163202 0.6820909 -0.3893985 0.6187524 0.4166667 
0.0189630 0.6034010 -0.3444754 0.7189467 0.5000000 
0.0209365 0.5278839 -0.3013632 0.7937762 0.5416667 
0.0235164 0.3927451 -0.2242142 0.8915864 0.6250000 
0.0234301 0.3982988 -0.2273844 0.8883161 0.7083334 
0.0233195 0.4052785 -0.2313691 0.8841232 0.7916667 
 
s 2 
0.9999999 0.9999999 1.0000000 0.0000000 
0.9999999 0.9999999 1.0000000 0.7916667 
 

boneend
bonebegin 28 
p 2 
-0.1005399 0.0000000 0.0000000 0.0000000 
-0.1005399 0.0000000 0.0000001 0.7916667 
 
r 2 
0.9928215 -0.0618083 0.0580899 -0.0843259 0.0000000 
0.9928215 -0.0618083 0.0580899 -0.0843259 0.7916667 
 
s 2 
0.9999996 1.0000000 0.9999999 0.0000000 
0.9999996 1.0000000 0.9999999 0.7916667 
 

boneend
bonebegin 29 
p 2 
-0.0820619 -0.0066298 -0.0106084 0.0000000 
-0.0820619 -0.0066298 -0.0106084 0.7916667 
 
r 2 
-0.1892462 0.0520460 -0.0007932 0.9805491 0.0000000 
-0.1892462 0.0520460 -0.0007932 0.9805491 0.7916667 
 
s 2 
0.9999999 0.9999998 1.0000000 0.0000000 
0.9999999 0.9999998 1.0000000 0.7916667 
 

boneend
bonebegin 30 
p 2 
-0.0214094 0.0000000 0.0000000 0.0000000 
-0.0214094 0.0000000 0.0000000 0.7916667 
 
r 2 
-0.1940500 0.1112465 0.0946446 0.9700573 0.0000000 
-0.1940500 0.1112465 0.0946446 0.9700573 0.7916667 
 
s 2 
0.9999999 0.9999998 0.9999999 0.0000000 
0.9999999 0.9999998 0.9999999 0.7916667 
 

boneend
bonebegin 31 
p 2 
-0.0180916 0.0000000 0.0000000 0.0000000 
-0.0180916 0.0000000 0.0000000 0.7916667 
 
r 2 
-0.1046269 0.0505882 0.1020637 0.9879661 0.0000000 
-0.1046269 0.0505882 0.1020637 0.9879661 0.7916667 
 
s 2 
1.0000000 0.9999999 0.9999998 0.0000000 
1.0000000 0.9999999 0.9999998 0.7916667 
 

boneend
bonebegin 32 
p 2 
-0.0499720 -0.0199834 -0.0003210 0.0000000 
-0.0499720 -0.0199834 -0.0003210 0.7916667 
 
r 2 
0.9359113 0.1524141 -0.0914002 -0.3041151 0.0000000 
0.9359113 0.1524141 -0.0914002 -0.3041151 0.7916667 
 
s 2 
1.0000000 1.0000000 0.9999999 0.0000000 
1.0000000 1.0000000 0.9999999 0.7916667 
 

boneend
bonebegin 33 
p 2 
-0.0308336 0.0000000 0.0000000 0.0000000 
-0.0308336 0.0000000 0.0000000 0.7916667 
 
r 2 
0.8216708 0.0444319 0.0080412 0.5681710 0.0000000 
0.8216708 0.0444319 0.0080412 0.5681710 0.7916667 
 
s 2 
0.9999998 1.0000000 0.9999999 0.0000000 
0.9999998 1.0000000 0.9999999 0.7916667 
 

boneend
bonebegin 34 
p 2 
-0.0813595 0.0024932 -0.0033225 0.0000000 
-0.0813595 0.0024932 -0.0033225 0.7916667 
 
r 2 
-0.1904048 0.1008877 -0.0138441 0.9764097 0.0000000 
-0.1904048 0.1008877 -0.0138441 0.9764097 0.7916667 
 
s 2 
0.9999999 0.9999999 0.9999999 0.0000000 
0.9999999 0.9999999 0.9999999 0.7916667 
 

boneend
bonebegin 35 
p 2 
-0.0202564 0.0000000 0.0000000 0.0000000 
-0.0202564 0.0000000 0.0000000 0.7916667 
 
r 2 
-0.1932480 0.0932342 0.1672520 0.9622834 0.0000000 
-0.1932480 0.0932342 0.1672520 0.9622834 0.7916667 
 
s 2 
0.9999996 0.9999999 0.9999998 0.0000000 
0.9999996 0.9999999 0.9999998 0.7916667 
 

boneend
bonebegin 36 
p 2 
-0.0171099 0.0000000 0.0000000 0.0000000 
-0.0171099 0.0000000 0.0000000 0.7916667 
 
r 2 
-0.0971287 0.0527149 0.1083516 0.9879510 0.0000000 
-0.0971287 0.0527149 0.1083516 0.9879510 0.7916667 
 
s 2 
1.0000000 1.0000000 1.0000000 0.0000000 
1.0000000 1.0000000 1.0000000 0.7916667 
 

boneend
bonebegin 37 
p 2 
-0.0711803 0.0113730 0.0025633 0.0000000 
-0.0711803 0.0113730 0.0025633 0.7916667 
 
r 2 
-0.1878968 0.0695211 0.0205820 0.9795091 0.0000000 
-0.1878968 0.0695211 0.0205820 0.9795091 0.7916667 
 
s 2 
0.9999999 0.9999999 0.9999998 0.0000000 
0.9999999 0.9999999 0.9999998 0.7916667 
 

boneend
bonebegin 38 
p 2 
-0.0205709 0.0000000 0.0000001 0.0000000 
-0.0205709 0.0000000 0.0000000 0.7916667 
 
r 2 
-0.1841668 0.1345778 0.1474244 0.9624123 0.0000000 
-0.1841668 0.1345778 0.1474244 0.9624123 0.7916667 
 
s 2 
1.0000000 1.0000000 1.0000000 0.0416667 
1.0000000 1.0000000 1.0000000 0.0833333 
 

boneend
bonebegin 39 
p 2 
-0.0171099 0.0000000 0.0000000 0.0000000 
-0.0171099 0.0000000 0.0000000 0.7916667 
 
r 2 
-0.0971288 0.0527149 0.1083516 0.9879510 0.0000000 
-0.0971288 0.0527149 0.1083516 0.9879510 0.7916667 
 
s 2 
1.0000000 0.9999999 0.9999999 0.0000000 
1.0000000 0.9999999 0.9999999 0.7916667 
 

boneend
bonebegin 40 
p 2 
-0.0628175 0.0180365 0.0129742 0.0000000 
-0.0628175 0.0180365 0.0129742 0.7916667 
 
r 2 
-0.1911425 0.0361495 -0.0149303 0.9807827 0.0000000 
-0.1911425 0.0361495 -0.0149303 0.9807827 0.7916667 
 
s 2 
0.9999999 0.9999998 0.9999999 0.0000000 
0.9999999 0.9999998 0.9999999 0.7916667 
 

boneend
bonebegin 41 
p 2 
-0.0159719 0.0000000 0.0000000 0.0000000 
-0.0159719 0.0000000 0.0000000 0.7916667 
 
r 2 
-0.1783041 0.0954590 0.1665888 0.9650614 0.0416667 
-0.1783041 0.0954590 0.1665888 0.9650614 0.0833333 
 
s 2 
0.9999999 1.0000000 1.0000000 0.0000000 
0.9999999 1.0000000 1.0000000 0.7916667 
 

boneend
bonebegin 42 
p 2 
-0.0148414 0.0000000 0.0000000 0.0000000 
-0.0148414 0.0000000 0.0000000 0.7916667 
 
r 2 
-0.0849442 0.0381069 0.1545082 0.9835953 0.0000000 
-0.0849442 0.0381069 0.1545082 0.9835953 0.7916667 
 
s 2 
1.0000000 1.0000000 1.0000000 0.0000000 
1.0000000 1.0000000 1.0000000 0.7916667 
 

boneend
bonebegin 43 
p 2 
-0.0525406 -0.0422367 -0.0090943 0.0000000 
-0.0525406 -0.0422367 -0.0090943 0.7916667 
 
r 18 
0.2648674 0.6853688 -0.6703727 0.1035153 0.0000000 
0.2456062 0.6918126 -0.6732296 0.0885150 0.0416667 
0.0728193 0.7243743 -0.6846932 -0.0342728 0.1250000 
-0.0474330 0.7237032 -0.6796635 -0.1098244 0.1666667 
-0.1248099 0.7122518 -0.6748553 -0.1472758 0.2083333 
-0.0603350 0.7097535 -0.6994265 -0.0584150 0.2500000 
0.0115871 0.6928062 -0.7182762 0.0629657 0.2916667 
0.0815065 0.6642280 -0.7176521 0.1927004 0.3333333 
0.2210556 0.5899728 -0.6774121 0.3797098 0.4166667 
0.2892780 0.5528407 -0.6540409 0.4276868 0.4583333 
0.3586497 0.5216092 -0.6245130 0.4574690 0.5000000 
0.4040328 0.5296667 -0.5901634 0.4559802 0.5416667 
0.4138127 0.5775107 -0.5567288 0.4304573 0.5833334 
0.3990092 0.6104409 -0.5596827 0.3935846 0.6250000 
0.3505465 0.6387897 -0.6068112 0.3175613 0.6666667 
0.3148934 0.6574032 -0.6446427 0.2304320 0.7083334 
0.3027351 0.6673192 -0.6593568 0.1681825 0.7500000 
0.2798802 0.6787466 -0.6665509 0.1291518 0.7916667 
 
s 2 
0.9999998 0.9999998 0.9999996 0.0000000 
0.9999998 0.9999998 0.9999996 0.7916667 
 

boneend
bonebegin 44 
p 2 
-0.2552545 0.0000000 0.0000000 0.0000000 
-0.2552545 0.0000000 0.0000000 0.7916667 
 
r 17 
-0.6217399 0.2957926 -0.3587898 0.6302508 0.0000000 
-0.6295574 0.2819002 -0.3419386 0.6381754 0.0833333 
-0.6569126 0.2249335 -0.2728392 0.6659050 0.1250000 
-0.6894658 0.1209800 -0.1467459 0.6989037 0.1666667 
-0.7010646 0.0374651 -0.0454442 0.7106614 0.2083333 
-0.6722412 0.1840637 -0.2232650 0.6814434 0.2500000 
-0.5953639 0.3373890 -0.4092452 0.6035137 0.2916667 
-0.4938171 0.4522990 -0.5486284 0.5005769 0.3333333 
-0.4099723 0.5164742 -0.6264718 0.4155844 0.3750000 
-0.3736313 0.5386178 -0.6533314 0.3787460 0.4166667 
-0.3951832 0.5258469 -0.6378407 0.4005929 0.5000000 
-0.4933816 0.4526888 -0.5491012 0.5001354 0.5833334 
-0.5382637 0.4085813 -0.4955999 0.5456320 0.6250000 
-0.6012501 0.3287136 -0.3987221 0.6094805 0.6666667 
-0.6359797 0.2698139 -0.3272780 0.6446855 0.7083334 
-0.6228240 0.2939155 -0.3565128 0.6313498 0.7500000 
-0.6202410 0.2983632 -0.3619078 0.6287314 0.7916667 
 
s 2 
0.9999998 0.9999999 0.9999999 0.0000000 
0.9999998 0.9999999 0.9999999 0.7916667 
 

boneend
bonebegin 45 
p 2 
-0.2168157 0.0000000 0.0000000 0.0000000 
-0.2168157 0.0000000 0.0000000 0.7916667 
 
r 18 
0.0262071 -0.7222162 -0.0296954 0.6905325 0.0000000 
0.0251751 -0.7388095 -0.0285029 0.6728405 0.0416667 
0.0138073 -0.7835827 -0.0155706 0.6209389 0.1250000 
0.0033490 -0.7454278 -0.0037048 0.6665677 0.1666667 
-0.0046472 -0.6799883 0.0050034 0.7331912 0.2083333 
-0.0143707 -0.7073217 0.0156536 0.7065724 0.2500000 
-0.0304874 -0.6895893 0.0332136 0.7227959 0.2916667 
-0.0369943 -0.6246651 0.0395473 0.7790129 0.3333333 
-0.0269125 -0.5419686 0.0277601 0.8395088 0.3750000 
-0.0061736 -0.4511875 0.0061262 0.8923868 0.4583333 
-0.0100854 -0.5165035 0.0108414 0.8561571 0.5000000 
-0.0144342 -0.6331995 0.0166355 0.7736752 0.5416667 
0.0075908 -0.7112865 -0.0090029 0.7028036 0.5833334 
0.0239233 -0.7191486 -0.0286379 0.6938537 0.6250000 
0.0243678 -0.6772534 -0.0285587 0.7347914 0.6666667 
0.0233479 -0.6535121 -0.0266231 0.7560874 0.7083334 
0.0246289 -0.6950617 -0.0280479 0.7179804 0.7500000 
0.0258421 -0.7146689 -0.0293864 0.6983674 0.7916667 
 
s 2 
1.0000000 0.9999997 0.9999998 0.0000000 
1.0000000 0.9999997 0.9999998 0.7916667 
 

boneend
bonebegin 46 
p 2 
-0.0656259 0.0000000 0.0000000 0.0000000 
-0.0656259 0.0000000 0.0000000 0.7916667 
 
r 7 
0.0028710 -0.2312873 -0.0138810 0.9727823 0.0000000 
-0.0005005 -0.2889766 0.0032247 0.9573306 0.2083333 
-0.0027490 -0.2475121 0.0229841 0.9686083 0.3750000 
-0.0010217 -0.1904986 0.0073761 0.9816592 0.5000000 
0.0024235 -0.1508700 -0.0106613 0.9884932 0.6666667 
0.0026204 -0.2152518 -0.0129580 0.9764691 0.7500000 
0.0027968 -0.2248775 -0.0135355 0.9742890 0.7916667 
 
s 2 
0.9999998 0.9999998 0.9999999 0.0000000 
0.9999998 0.9999998 0.9999999 0.7916667 
 

boneend
bonebegin 47 
p 2 
-0.0525407 0.0422368 -0.0090943 0.0000000 
-0.0525407 0.0422368 -0.0090943 0.7916667 
 
r 18 
-0.2210553 0.5899729 0.6774119 0.3797099 0.0000000 
-0.2490371 0.5833600 0.6655017 0.3934200 0.0416667 
-0.3199489 0.5641353 0.6321123 0.4240497 0.0833333 
-0.3868992 0.5541487 0.5910246 0.4403614 0.1250000 
-0.4112210 0.5810460 0.5579268 0.4266152 0.1666667 
-0.3990093 0.6104410 0.5596825 0.3935846 0.2083333 
-0.3469987 0.6404690 0.6051783 0.3211708 0.2500000 
-0.3080862 0.6591086 0.6418681 0.2422068 0.2916667 
-0.3112203 0.6593803 0.6561179 0.1945995 0.3333333 
-0.2639194 0.6815877 0.6745209 0.1039547 0.4166667 
-0.1311820 0.7158312 0.6858360 -0.0024816 0.5000000 
-0.0311155 0.7249499 0.6845335 -0.0699521 0.5416667 
0.0677556 0.7212030 0.6775066 -0.1275156 0.5833334 
0.1248096 0.7122520 0.6748552 -0.1472754 0.6250000 
0.0287720 0.7097151 0.7034938 -0.0239445 0.6666667 
-0.0777894 0.6807921 0.7139885 0.1438446 0.7083334 
-0.1629096 0.6359414 0.6974524 0.2874008 0.7500000 
-0.1963459 0.6114544 0.6862788 0.3414575 0.7916667 
 
s 2 
0.9999997 0.9999998 0.9999998 0.0000000 
0.9999997 0.9999998 0.9999998 0.7916667 
 

boneend
bonebegin 48 
p 2 
-0.2552544 0.0000000 0.0000000 0.0000000 
-0.2552544 0.0000000 0.0000000 0.7916667 
 
r 16 
0.3736316 0.5386181 0.6533310 0.3787461 0.0000000 
0.3870806 0.5307687 0.6438103 0.3923793 0.0833333 
0.4301482 0.5028310 0.6099228 0.4360363 0.1250000 
0.4891712 0.4564223 0.5536298 0.4958673 0.1666667 
0.5382639 0.4085812 0.4955999 0.5456319 0.2083333 
0.6002846 0.3301580 0.4004743 0.6085018 0.2500000 
0.6346371 0.2723953 0.3304094 0.6433244 0.2916667 
0.6273084 0.2859842 0.3468924 0.6358954 0.3333333 
0.6272370 0.2861127 0.3470483 0.6358230 0.4583333 
0.6716903 0.1857065 0.2252578 0.6808849 0.5416667 
0.6947221 0.0930962 0.1129236 0.7042319 0.5833334 
0.7010646 0.0374659 0.0454454 0.7106612 0.6250000 
0.6540363 0.2317083 0.2810570 0.6629892 0.6666667 
0.5396985 0.4070255 0.4937128 0.5470863 0.7083334 
0.4342638 0.4999204 0.6063920 0.4402082 0.7500000 
0.3975879 0.5243577 0.6360341 0.4030304 0.7916667 
 
s 2 
0.9999999 0.9999998 0.9999996 0.0000000 
0.9999999 0.9999998 0.9999996 0.7916667 
 

boneend
bonebegin 49 
p 2 
-0.2168158 0.0000000 0.0000000 0.0000000 
-0.2168158 0.0000000 0.0000000 0.7916667 
 
r 17 
0.0132663 -0.4704798 -0.0131237 0.8822134 0.0000000 
0.0137597 -0.4973809 -0.0140538 0.8673093 0.0416667 
0.0146792 -0.5740821 -0.0160241 0.8185093 0.0833333 
0.0109900 -0.6672326 -0.0126543 0.7446608 0.1250000 
-0.0089990 -0.7201841 0.0107086 0.6936420 0.1666667 
-0.0239243 -0.7191489 0.0286371 0.6938533 0.2083333 
-0.0246231 -0.6798668 0.0290620 0.7323457 0.2500000 
-0.0233371 -0.6572320 0.0270972 0.7528394 0.2916667 
-0.0218037 -0.6794864 0.0249614 0.7329391 0.3333333 
-0.0228241 -0.7474194 0.0257657 0.6634603 0.4583333 
-0.0107118 -0.7702091 0.0120207 0.6375882 0.5416667 
-0.0016617 -0.7317379 0.0018257 0.6815817 0.5833334 
0.0046471 -0.6799891 -0.0050032 0.7331904 0.6250000 
0.0161087 -0.7165542 -0.0176428 0.6971222 0.6666667 
0.0346835 -0.6671783 -0.0377596 0.7431316 0.7083334 
0.0322138 -0.5624864 -0.0337482 0.8254892 0.7500000 
0.0232327 -0.5105590 -0.0236603 0.8592032 0.7916667 
 
s 2 
0.9999999 1.0000000 0.9999999 0.0000000 
0.9999999 1.0000000 0.9999999 0.7916667 
 

boneend
bonebegin 50 
p 2 
-0.0656259 0.0000000 0.0000000 0.0000000 
-0.0656259 0.0000000 0.0000000 0.7916667 
 
r 8 
0.0013698 -0.2317727 -0.0129084 0.9726834 0.0000000 
0.0014762 -0.2055479 -0.0100511 0.9785944 0.0833333 
-0.0024574 -0.1341510 0.0082451 0.9909236 0.2083333 
-0.0023314 -0.2139629 0.0112475 0.9767743 0.3750000 
-0.0012859 -0.2777152 0.0057521 0.9606454 0.5416667 
0.0017967 -0.2828309 -0.0101135 0.9591148 0.6666667 
0.0032801 -0.2455008 -0.0260353 0.9690412 0.7500000 
0.0023812 -0.2372637 -0.0207043 0.9712217 0.7916667 
 
s 2 
0.9999999 0.9999999 0.9999999 0.0000000 
0.9999999 0.9999999 0.9999999 0.7916667 
 

boneend
bonebegin 51 
p 15 
-0.1294877 -0.1848185 0.1809675 0.0000000 
-0.1301553 -0.1832316 0.1851857 0.0416667 
-0.1363301 -0.1685525 0.2242043 0.1666667 
-0.1369977 -0.1669655 0.2284226 0.2083333 
-0.1351760 -0.1688915 0.2222781 0.2500000 
-0.1301683 -0.1745721 0.2049339 0.2916667 
-0.1240708 -0.1825515 0.1825643 0.3333333 
-0.1199683 -0.1901007 0.1649483 0.3750000 
-0.1196866 -0.1952060 0.1583415 0.4166667 
-0.1279482 -0.2009785 0.1604864 0.5000000 
-0.1387179 -0.2030382 0.1670790 0.5833333 
-0.1408521 -0.2031611 0.1699836 0.6250000 
-0.1399165 -0.2008501 0.1730201 0.6666667 
-0.1321742 -0.1887600 0.1794214 0.7500000 
-0.1306115 -0.1864490 0.1803697 0.7916667 
 
r 2 
-0.0000002 -0.8023623 0.0000001 0.5968372 0.0000000 
-0.0000002 -0.8023623 0.0000001 0.5968372 0.7916667 
 
s 2 
0.9999999 0.9999999 0.9999999 0.0000000 
0.9999999 0.9999999 0.9999999 0.7916667 
 

boneend
bonebegin 52 
p 11 
-0.1196866 0.1952062 0.1583414 0.0000000 
-0.1214542 0.1959133 0.1589977 0.0416667 
-0.1384659 0.2024542 0.1672671 0.1666667 
-0.1404913 0.2021150 0.1719720 0.2500000 
-0.1294877 0.1848186 0.1809674 0.4166667 
-0.1295137 0.1806366 0.1881593 0.4583333 
-0.1361857 0.1679684 0.2248736 0.5833333 
-0.1369976 0.1669657 0.2284225 0.6250000 
-0.1348166 0.1705238 0.2195928 0.6666667 
-0.1234063 0.1891378 0.1734005 0.7500000 
-0.1212253 0.1926959 0.1645708 0.7916667 
 
r 2 
-0.0000002 -0.8023623 0.0000001 0.5968372 0.0000000 
-0.0000002 -0.8023623 0.0000001 0.5968372 0.7916667 
 
s 2 
0.9999999 0.9999999 0.9999999 0.0000000 
0.9999999 0.9999999 0.9999999 0.7916667 
 

boneend
bonebegin 53 
p 15 
-0.1745594 -0.0483209 0.2477166 0.0000000 
-0.1745594 -0.0461872 0.2477166 0.1666667 
-0.1745594 -0.0443973 0.2477166 0.2083333 
-0.1745594 -0.0366389 0.2477166 0.2500000 
-0.1745594 -0.0185791 0.2477166 0.2916667 
-0.1745594 0.0036579 0.2477166 0.3333333 
-0.1745594 0.0206800 0.2477166 0.3750000 
-0.1745594 0.0266729 0.2477166 0.4166667 
-0.1745594 0.0196580 0.2477166 0.4583333 
-0.1745594 -0.0001007 0.2477166 0.5000000 
-0.1745594 -0.0254709 0.2477166 0.5416667 
-0.1745594 -0.0452296 0.2477166 0.5833333 
-0.1745594 -0.0522445 0.2477166 0.6250000 
-0.1745594 -0.0491640 0.2477166 0.7500000 
-0.1745594 -0.0486697 0.2477166 0.7916667 
 
r 2 
0.0000000 0.0000000 0.0000000 1.0000000 0.0416667 
0.0000000 0.0000000 0.0000000 1.0000000 0.0833333 
 
s 2 
1.0000000 1.0000000 1.0000000 0.0416667 
1.0000000 1.0000000 1.0000000 0.0833333 
 

boneend
bonebegin 54 
p 13 
-0.1745594 -0.0266729 0.2477166 0.0000000 
-0.1745594 -0.0196580 0.2477166 0.0416667 
-0.1745594 0.0001008 0.2477166 0.0833333 
-0.1745594 0.0254709 0.2477166 0.1250000 
-0.1745594 0.0452296 0.2477166 0.1666667 
-0.1745594 0.0522445 0.2477166 0.2083333 
-0.1745594 0.0501891 0.2477166 0.2916667 
-0.1745594 0.0463488 0.2477166 0.3750000 
-0.1745594 0.0443973 0.2477166 0.6250000 
-0.1745594 0.0351088 0.2477166 0.6666667 
-0.1745594 0.0116861 0.2477166 0.7083333 
-0.1745594 -0.0115696 0.2477166 0.7500000 
-0.1745594 -0.0204366 0.2477166 0.7916667 
 
r 2 
0.0000000 0.0000000 0.0000000 1.0000000 0.0416667 
0.0000000 0.0000000 0.0000000 1.0000000 0.0833333 
 
s 2 
1.0000000 1.0000000 1.0000000 0.0416667 
1.0000000 1.0000000 1.0000000 0.0833333 
 

boneend
bonebegin 55 
p 11 
-0.6544325 -0.2543626 -0.1542465 0.0000000 
-0.6544325 -0.2579645 -0.1542465 0.0416667 
-0.6544325 -0.2912819 -0.1542465 0.1666667 
-0.6544325 -0.2925900 -0.1542465 0.2500000 
-0.6544325 -0.2543626 -0.1542465 0.4166667 
-0.6544325 -0.2231680 -0.1542465 0.5416667 
-0.6544325 -0.2161351 -0.1542465 0.5833333 
-0.6544325 -0.2138413 -0.1542465 0.6250000 
-0.6544325 -0.2189467 -0.1542465 0.6666667 
-0.6544325 -0.2456553 -0.1542465 0.7500000 
-0.6544325 -0.2507606 -0.1542465 0.7916667 
 
r 2 
0.0000000 -0.7071067 0.0000000 0.7071068 0.0416667 
0.0000000 -0.7071067 0.0000000 0.7071068 0.0833333 
 
s 2 
1.0000000 1.0000000 1.0000000 0.0416667 
1.0000000 1.0000000 1.0000000 0.0833333 
 

boneend
bonebegin 56 
p 11 
-0.6544324 0.2543627 -0.1542465 0.0000000 
-0.6544324 0.2507608 -0.1542465 0.0416667 
-0.6544324 0.2174433 -0.1542465 0.1666667 
-0.6544324 0.2138414 -0.1542465 0.2083333 
-0.6544324 0.2161352 -0.1542465 0.2500000 
-0.6544324 0.2449503 -0.1542465 0.3750000 
-0.6544324 0.2855572 -0.1542465 0.5416667 
-0.6544324 0.2948839 -0.1542465 0.6250000 
-0.6544324 0.2897785 -0.1542465 0.6666667 
-0.6544324 0.2630699 -0.1542465 0.7500000 
-0.6544324 0.2579646 -0.1542465 0.7916667 
 
r 2 
0.0000000 -0.7071067 0.0000000 0.7071068 0.0416667 
0.0000000 -0.7071067 0.0000000 0.7071068 0.0833333 
 
s 2 
1.0000000 1.0000000 1.0000000 0.0416667 
1.0000000 1.0000000 1.0000000 0.0833333 
 

boneend
bonebegin 57 
p 20 
-0.0503625 -0.0351463 -0.0171614 0.0000000 
-0.0504192 -0.0338674 -0.0391991 0.0416667 
-0.0509097 -0.0302652 -0.1012723 0.0833333 
-0.0524268 -0.0256399 -0.1809740 0.1250000 
-0.0553358 -0.0220377 -0.2430473 0.1666667 
-0.0595075 -0.0207588 -0.2650850 0.2083333 
-0.0784816 -0.0215733 -0.2512148 0.2500000 
-0.1230844 -0.0240704 -0.2092629 0.2916667 
-0.1781363 -0.0278217 -0.1476553 0.3333333 
-0.2203206 -0.0318043 -0.0846057 0.3750000 
-0.2351798 -0.0351462 -0.0348396 0.4166667 
-0.2306351 -0.0384882 0.0103202 0.4583333 
-0.2156558 -0.0424708 0.0603948 0.5000000 
-0.1905749 -0.0462221 0.1053428 0.5416667 
-0.1596597 -0.0487192 0.1343198 0.5833333 
-0.1280013 -0.0495337 0.1435835 0.6250000 
-0.0786616 -0.0487831 0.1347026 0.6666667 
-0.0473990 -0.0462221 0.1055550 0.7083333 
-0.0485228 -0.0407897 0.0452211 0.7500000 
-0.0496467 -0.0371677 0.0051539 0.7916667 
 
r 18 
0.0000001 0.9999507 -0.0000001 -0.0099313 0.0000000 
0.0303700 0.9994077 0.0033180 -0.0158412 0.0833333 
0.0813386 0.9946221 0.0088867 -0.0634985 0.1666667 
0.0890413 0.9900886 0.0097283 -0.1081740 0.2083333 
0.0818729 0.9776564 0.0089451 -0.1934029 0.2500000 
0.0604692 0.9381198 0.0066066 -0.3409267 0.2916667 
0.0310340 0.8648660 0.0033906 -0.5010312 0.3333333 
0.0079890 0.7943499 0.0008728 -0.6074073 0.3750000 
0.0000000 0.7675411 -0.0000001 -0.6409998 0.4166667 
0.0000000 0.8070722 -0.0000001 -0.5904528 0.4583333 
0.0000001 0.9063468 -0.0000001 -0.4225346 0.5000000 
0.0000002 0.9853302 -0.0000002 -0.1706589 0.5416667 
0.0000002 0.9996970 -0.0000002 0.0246135 0.5833334 
0.0000002 0.9960442 -0.0000002 0.0888598 0.6250000 
0.0000001 0.9965031 -0.0000002 0.0835569 0.6666667 
0.0000001 0.9978191 -0.0000001 0.0660086 0.7083334 
0.0000001 0.9995834 -0.0000001 0.0288611 0.7500000 
0.0000001 0.9999921 -0.0000001 0.0039835 0.7916667 
 
s 2 
0.9999997 1.0000000 0.9999999 0.0000000 
0.9999997 1.0000000 0.9999999 0.7916667 
 

boneend
bonebegin 58 
p 12 
-0.0339126 0.0075759 -0.1054396 0.0000000 
-0.0333656 0.0075759 -0.1054396 0.0416667 
-0.0283050 0.0075759 -0.1054396 0.1666667 
-0.0277580 0.0075759 -0.1054396 0.2083333 
-0.0281064 0.0075759 -0.1054396 0.2500000 
-0.0307793 0.0075759 -0.1054396 0.3333333 
-0.0370459 0.0075759 -0.1054396 0.5000000 
-0.0397189 0.0075759 -0.1054396 0.5833333 
-0.0400673 0.0075759 -0.1054396 0.6250000 
-0.0392919 0.0075759 -0.1054396 0.6666667 
-0.0352351 0.0075759 -0.1054396 0.7500000 
-0.0344597 0.0075759 -0.1054396 0.7916667 
 
r 2 
-0.0000001 0.0000000 0.0000000 1.0000000 0.0000000 
-0.0000001 0.0000000 0.0000000 1.0000000 0.7916667 
 
s 2 
1.0000000 1.0000000 1.0000000 0.0416667 
1.0000000 1.0000000 1.0000000 0.0833333 
 

boneend
bonebegin 59 
p 18 
-0.2351798 0.0351463 -0.0348396 0.0000000 
-0.2306351 0.0364252 -0.0189797 0.0416667 
-0.2156558 0.0400274 0.0256925 0.0833333 
-0.1905749 0.0446526 0.0830514 0.1250000 
-0.1596597 0.0482548 0.1277237 0.1666667 
-0.1280013 0.0495337 0.1435835 0.2083333 
-0.0786616 0.0486608 0.1333418 0.2500000 
-0.0473990 0.0462221 0.1055550 0.2916667 
-0.0477704 0.0429599 0.0714016 0.3333333 
-0.0489144 0.0388755 0.0286772 0.3750000 
-0.0503625 0.0351463 -0.0171614 0.4166667 
-0.0514290 0.0315124 -0.0716380 0.4583333 
-0.0531951 0.0238483 -0.2056536 0.5416667 
-0.0555631 0.0215076 -0.2503501 0.5833333 
-0.0595075 0.0207589 -0.2650850 0.6250000 
-0.0847572 0.0225716 -0.2360757 0.6666667 
-0.1990010 0.0320547 -0.0843150 0.7500000 
-0.2203206 0.0338674 -0.0553058 0.7916667 
 
r 15 
-0.0000001 -0.7675411 -0.0000001 0.6409998 0.0000000 
-0.0000001 -0.8071530 0.0000000 0.5903423 0.0416667 
-0.0000002 -0.9065561 0.0000000 0.4220853 0.0833333 
-0.0000002 -0.9854400 0.0000000 0.1700238 0.1250000 
-0.0000002 -0.9996890 0.0000001 -0.0249369 0.1666667 
-0.0000002 -0.9960442 0.0000000 -0.0888598 0.2083333 
-0.0000001 -0.9965749 0.0000000 -0.0826949 0.2500000 
-0.0000001 -0.9999507 -0.0000001 0.0099313 0.4166667 
0.0588057 -0.9972628 0.0064249 0.0443574 0.5416667 
0.0811121 -0.9944125 0.0088620 0.0669773 0.5833334 
0.0890412 -0.9900886 0.0097283 0.1081740 0.6250000 
0.0791094 -0.9740598 0.0086432 0.2118359 0.6666667 
0.0502725 -0.9163412 0.0054926 0.3971919 0.7083334 
0.0196279 -0.8316851 0.0021444 0.5548964 0.7500000 
0.0080279 -0.7942962 0.0008771 0.6074770 0.7916667 
 
s 2 
0.9999998 1.0000000 0.9999996 0.0000000 
0.9999998 1.0000000 0.9999996 0.7916667 
 

boneend
bonebegin 60 
p 12 
-0.0339126 -0.0075759 -0.1054396 0.0000000 
-0.0344597 -0.0075759 -0.1054396 0.0416667 
-0.0395202 -0.0075759 -0.1054396 0.1666667 
-0.0400673 -0.0075759 -0.1054396 0.2083333 
-0.0386507 -0.0075759 -0.1054396 0.2916667 
-0.0324830 -0.0075759 -0.1054396 0.4583333 
-0.0291746 -0.0075759 -0.1054396 0.5416667 
-0.0281064 -0.0075759 -0.1054396 0.5833333 
-0.0277580 -0.0075759 -0.1054396 0.6250000 
-0.0285334 -0.0075759 -0.1054396 0.6666667 
-0.0325901 -0.0075759 -0.1054396 0.7500000 
-0.0333655 -0.0075759 -0.1054396 0.7916667 
 
r 2 
0.0000001 0.0000000 0.0000000 1.0000000 0.0000000 
0.0000001 0.0000000 0.0000000 1.0000000 0.7916667 
 
s 2 
1.0000000 1.0000000 1.0000000 0.0000000 
1.0000000 1.0000000 1.0000000 0.7916667 
 

boneend