Bip001_Head -0.08123932 0 0 -2.000794E-08 -1.419083E-07 0.05837574 0.9982947 32
Bone069 -0.2142877 0.04539496 0.04638474 0.7006696 -0.5970663 -0.1256452 0.3698476 0
Bone070 -0.07015719 1.525879E-07 0 0.001627788 -0.002071475 0.5438054 0.8392072 1
Bone072 -0.07551044 0 7.629394E-08 0.01144401 -0.09985868 0.03028926 0.9944746 4
Bone071 -0.05996406 -1.430511E-07 0 0.01333498 -0.03735048 0.3535517 0.9345739 2
Bone078 -0.2205726 0.0385426 0.01864899 0.4304324 -0.7375954 -0.07814851 0.5143674 0
Bone079 -0.1040551 -4.80283E-08 3.963592E-08 0.05336112 -0.04716905 0.571928 0.8172062 5
Bone080 -0.0852244 3.707317E-08 1.623303E-08 -0.01563618 0.06912362 0.2693557 0.9604296 6
Bone074 -0.2404283 0.06569462 0.01435654 0.2518964 -0.6658425 0.3115159 0.6294124 0
Bone075 -0.1093865 -4.452653E-08 -1.064036E-08 -0.01361904 0.1019731 0.3893594 0.9153225 8
Bone076 -0.09167058 -5.045435E-08 -1.503623E-07 0.005769101 -0.008558447 0.1539685 0.9880219 9
Bone100 -0.1363406 0.03656587 -0.07650619 0.09724294 0.7995076 -0.5923361 -0.0216651 0
Bone112 -0.2085532 0.06364243 -0.07203782 -0.07471604 -0.5584474 0.625594 0.5396166 0
Bone104 -0.2069125 -0.04164314 -0.05024902 0.9003784 0.3928074 0.1871278 0.002060949 0
Bone094 -0.2567523 0.03293237 -0.003485107 0.06022517 -0.4335391 0.3387512 0.8328652 0
Bone118 -0.2442288 0.03666336 -0.05107865 -0.05219178 -0.4914721 0.6201319 0.6092353 0
Bone102 -0.1699594 -0.04838799 0.05058471 0.04407604 0.03887206 0.284366 0.9569129 0
Bone095 -0.07955292 -6.144577E-07 -1.460698E-08 0.0216279 0.1823716 0.1033213 0.9775468 14
Bone116 -0.207744 0.03354164 -0.07645432 -0.2886969 -0.5147234 0.292241 0.7525351 0
Bone084 -0.07095247 -1.981855E-08 7.972775E-09 -1.312929E-06 4.570479E-07 0.2039849 0.978974 20
Bone083 -0.06736474 5.288829E-07 1.773802E-08 3.263648E-07 -5.187068E-07 0.5325463 0.8464009 21
Bone082 -0.2235325 0.04504566 0.05235611 -0.4274575 0.7405913 0.4550181 0.2485221 0
Bone097 -0.2171639 0.01233412 0.07830933 -0.3232833 0.781329 0.5080587 0.1639798 0
Bone098 -0.05890091 2.174824E-07 4.750805E-09 0.04133318 -0.01625101 0.4974575 0.8663507 22
Bone086 -0.2113712 0.05413089 0.05674363 -0.2977268 0.9411807 0.1575478 0.02676294 0
Bone087 -0.06974816 -0.0002074129 -6.155327E-05 0.04731371 -0.2044099 0.5699103 0.7944686 24
Bone088 -0.05053304 2.315082E-07 -1.535839E-07 0.01481449 0.1355956 -0.1110725 0.9844071 25
Bone090 -0.2131706 0.0467586 0.04580185 -0.4329569 0.8287678 0.188074 -0.3005337 0
Bone091 -0.07702468 5.390495E-08 -1.083872E-08 0.008178608 -0.09152246 0.5101994 0.8551335 27
Bone092 -0.05903287 2.241601E-07 -7.611823E-08 -0.04078439 0.09841191 0.1818666 0.9775358 28
Bone108 -0.1465735 -0.05351742 0 0.7634726 0.6458402 4.600794E-07 -5.636035E-07 0
Bip001_Spine1 -0.1667558 -0.0001386404 -3.830792E-10 -1.412527E-09 -3.897679E-07 0.1303339 0.9914702 40
Bip001_Neck -0.1921147 -0.01089222 1.08833E-08 9.465742E-09 6.923692E-07 -0.2454573 0.9694074 31
Bone100_m -0.1358585 0.03178951 0.08272212 0.03492321 0.7951114 0.5997118 -0.08321002 0
Bone025 -0.1728629 0.01595415 0.03840103 0.6373385 -0.05916377 -0.3754356 0.6703338 31
Bone106 -0.177729 0.001783676 0.109378 0.7885297 -0.02845209 0.1011091 0.6059608 0
Bone025_m -0.172863 0.01595429 -0.03840107 -0.6373373 0.059164 -0.3754356 0.6703349 31
Bip001_R_Clavicle 0.04997452 0.01569664 -0.05327829 0.6193868 0.1971912 0.7440585 -0.1544431 32
Bone023 -0.2871613 -0.05098898 2.018307E-07 3.143537E-07 -9.310588E-07 0.9565498 0.291569 31
Bone011 -0.1380039 0.09071837 3.051759E-07 -0.08933195 0.996002 6.549159E-07 -1.510421E-07 31
Bip001_Spine -0.08901413 -0.00350684 1.445343E-07 -2.050761E-06 7.715467E-07 0.008565749 0.9999633 57
Bip001_L_Clavicle 0.04997452 0.01569637 0.05327829 -0.6193871 -0.1971932 0.744058 -0.1544414 32
Bip001_L_UpperArm -0.1115994 -3.814697E-08 3.051758E-07 0.1705575 -0.4242063 -0.05231223 0.887819 41
Bone027 -0.02636658 -0.01131947 0.1392249 0.08706068 0.7015429 0.7028803 0.07884989 31
Bone031 -0.04672232 0.08334678 0.1172652 -0.04720567 0.9737422 0.1286506 -0.1817879 31
Bone029 -0.03166087 -0.1161188 7.275957E-14 2.4134E-07 -5.429953E-07 0.9991574 0.04104376 31
Bone012 -0.103557 7.069856E-07 -5.231702E-09 8.540469E-10 -6.552626E-09 0.1292431 0.991613 39
Bip001_R_UpperArm -0.1115993 -3.814697E-08 -3.051758E-07 -0.1705574 0.4242062 -0.05231184 0.8878191 37
Bone031_m -0.04672243 0.08334719 -0.1172649 -0.04720557 0.9737422 -0.1286496 0.1817882 31
Bone027_m -0.02636661 -0.01131898 -0.1392249 -0.08706071 -0.7015439 0.7028793 0.07884985 31
Bone013 -0.124261 -7.841736E-08 9.441337E-15 -2.383504E-07 5.775679E-09 -0.02812815 0.9996043 46
Bip001_L_Foot -0.5063889 1.907349E-08 -1.907349E-08 -0.1015525 0.05673075 -0.10774 0.9873504 53
Bip001_L_Toe0 -0.1102646 0.1478443 0 -4.136855E-08 -7.776591E-10 -0.7071068 0.7071067 51
Bip001_L_Calf -0.438465 -2.384186E-09 0 3.215986E-09 -3.367711E-09 0.118576 0.992945 58
Bip001_R_Foot -0.5063888 0 -1.907349E-08 0.1015525 -0.05673083 -0.1077403 0.9873503 56
Bip001_R_Toe0 -0.1102646 0.1478443 -1.907349E-08 -1.721496E-08 5.936184E-08 -0.7071067 0.7071068 54
Bip001_R_Calf -0.4384649 0 0 -1.849504E-09 -2.208631E-10 0.118575 0.9929451 60
Bip001_Pelvis 0 0 0 -0.5000001 0.5 0.4999993 0.5000007 -1
Bip001_L_Thigh 0.0890612 0.001981194 0.1067656 0.004649419 0.9985096 0.02975822 0.04551344 40
Bone001 -0.05951437 0.07508805 0.09242797 -0.04731324 0.8586567 0.4713302 0.1957502 57
Bip001_R_Thigh 0.0890612 0.001981776 -0.1067656 0.004650215 0.9985097 -0.02975541 -0.04551332 40
Bone001_m -0.05951468 0.07508753 -0.09242821 -0.04731328 0.858655 -0.4713325 -0.1957516 57
Bone015 -0.01713851 -0.1262115 -0.02388931 -0.144875 -0.0382089 0.9560198 0.2521459 57
Bone006 -0.04414266 -0.1033368 0.07981461 -0.04107177 0.1629143 0.9768075 0.1327374 57
Bone006_m -0.04414278 -0.1033372 -0.0798139 0.04107274 -0.1629116 0.9768078 0.1327379 57
Bone033 0.2353958 -0.01587518 0.2614405 0.3063107 0.637319 0.6373168 -0.3063097 57
Bone037 0.1209487 -0.1073811 0.1909457 0.4085616 0.1167176 0.8704181 0.2486502 57
Bone035 0.1342461 0.08866005 0.1620883 0.03902213 0.9307416 0.03293643 -0.3620947 57
Bip001_L_Forearm -0.2373322 0 7.629394E-08 -7.743998E-09 7.412567E-08 0.07901635 0.9968733 42
Bip001_L_Hand -0.2368845 0 -7.629394E-08 -0.7060847 0.03234582 -0.0323717 0.7066472 68
Bip001_R_Forearm -0.2373322 0 0 -8.106691E-09 -1.559046E-08 0.07901505 0.9968734 47
Bip001_R_Hand -0.2368845 -4.768371E-09 -7.629394E-08 0.7060847 -0.03234595 -0.03237166 0.7066472 70
Bone047 -0.07495657 -0.003812036 0.001523061 0.9983339 -0.01008963 0.05056481 -0.02589871 69
Bone048 -0.03523005 1.1608E-07 6.407208E-10 -2.366409E-07 -2.90605E-08 0.1218886 0.9925438 72
Bone049 -0.02934758 9.536747E-07 -3.365892E-09 9.225156E-08 6.823101E-09 0.07376043 0.997276 73
Bone053 -0.02841718 -2.823213E-07 2.49826E-09 -4.976487E-07 1.912143E-07 0.09665354 0.9953181 76
Bone052 -0.03464504 -3.885478E-08 -1.248043E-08 3.006173E-09 -3.077979E-08 0.0972046 0.9952645 80
Bone043 -0.07268337 4.385471E-05 -0.02579064 0.9906825 -0.07533531 0.07701641 -0.08331427 69
Bone044 -0.03511022 -9.194017E-08 8.523171E-09 3.827302E-10 -2.020792E-08 0.01893622 0.9998207 77
Bone045 -0.02687314 -1.704693E-07 -1.430456E-08 1.393868E-16 -1.009238E-15 0.1368123 0.990597 78
Bone051 -0.07397501 -0.002164106 0.02282762 0.9949458 -0.02031586 -0.04398499 0.08795165 69
Bone060 -0.04460961 -2.713781E-07 -6.502694E-08 -2.159697E-07 -3.200544E-07 0.07188671 0.9974128 86
Bone061 -0.03114467 2.889021E-08 3.791252E-08 0.07501569 0.002174012 0.0760401 0.9942765 81
Bone056 -0.03280307 3.993697E-07 5.229554E-08 3.144485E-08 2.160371E-09 0.06854191 0.9976482 85
Bone057 -0.01957569 6.184493E-07 7.138965E-10 -2.152663E-06 1.625423E-06 0.1382128 0.9904026 83
Bone055 -0.06961473 0.01253865 0.03885666 0.9464522 -0.01451474 -0.09678245 0.3076535 69
Bone059 -0.001752148 0.01689965 -0.03324309 -0.7109367 0.0493019 -0.3333498 0.6172651 69
Bone047_m -0.07495655 -0.003812084 -0.001523199 0.9983341 -0.01008918 -0.05056393 0.02589742 71
Bone048_m -0.03522998 -7.659197E-08 -3.72529E-10 1.880689E-07 2.309565E-08 0.1218885 0.9925438 87
Bone049_m -0.02934761 9.918213E-07 4.768371E-09 0 0 0.07376046 0.997276 88
Bone053_m -0.02841705 -3.814697E-07 7.152557E-09 4.61027E-07 -1.51571E-07 0.0966535 0.9953181 91
Bone052_m -0.03464488 -3.352761E-09 -4.424055E-10 0 0 0.09720451 0.9952645 95
Bone043_m -0.07268341 4.37355E-05 0.02579051 0.9906827 -0.07533487 -0.07701568 0.08331291 71
Bone044_m -0.03511016 -8.511357E-08 4.852191E-09 0 0 0.01893622 0.9998207 92
Bone045_m -0.0268733 -2.486631E-09 -9.471551E-09 0 0 0.1368124 0.990597 93
Bone051_m -0.07397495 -0.002164307 -0.02282774 0.9949456 -0.02031541 0.04398582 -0.0879531 71
Bone060_m -0.04460979 -2.670288E-07 -1.335144E-07 2.044305E-07 2.53771E-07 0.07188671 0.9974128 101
Bone061_m -0.03114456 0 1.525879E-07 -0.07501569 -0.002174012 0.0760401 0.9942765 96
Bone056_m -0.03280321 5.050749E-07 2.205372E-08 9.876493E-10 -1.437554E-08 0.06854187 0.9976482 100
Bone057_m -0.01957573 4.768372E-07 3.814697E-08 2.073235E-06 -1.630501E-06 0.1382128 0.9904026 98
Bone055_m -0.06961468 0.01253864 -0.03885675 0.9464517 -0.01451421 0.09678316 -0.3076548 71
Bone059_m -0.001752281 0.01689947 0.03324315 0.7109378 -0.04930166 -0.3333491 0.6172643 71
